166

Σ111191199,41. 11, 14.
Σ1111111ς69, 11. 69, 9. 11, 9.
Συνιξισόω 11, 11.

Συνεορτάζω Epist. nd 4111.

Συνεπακολονθίω 14, 11

Συνέπεσθαι 19, 3.

11111161911111 69, 6.

Συνεπισφραγίῑομαι 91, 14.

Σ111111111111111, 14.

Συνιργός 14, 4.

9111111(τᾶ danim - λέγων, 1111
restituendum 11111111 14111) 69, 41.
11, 1. 11111ρί11.

11111111, 11. (111)

Συνετ4ζ46 ὅ, 1. 46, 11. 51, 6. 64, 61.

1111111111» 11, 1. 11, 11. 11, p. 111
11 964. 64, 66.

Συνιυνίτις 11, 1.

Σ611661149, p. 111. adn. 64, 9.

Συνιστάω 19, 1.

Συνίστημι (111. 11 med.) 69, 91. 19,1
et 6. 44, 1.

Συνῑω 14, 4.

Συννιφία 99, 9.

Συνοδεύω 99,11.

Σύναλος 116 1611116111 611 παντὸς 16
παράπαν) 11, 11 (1ο) et 11 (11) et
61 11 61 1161.

Συνταγμάτιον 19, 1. 11, p. 961.

Συντακτής 99, 1. 111. libri 11, 1,19.

Συντακτυιὸς pag. 999. Anaceph. pag.
146.

1111111111. 11, 11. 11, με. 111. 11,
19.

Συντομία 66, 16. 11, 1.

Σῦντομος 49, 1.

2116111119, 19.

Συνῦπαρξις 19, 19.

{mundun 64, 1.

Συνυπνὸω (1111) 49, 1.

Συνυπόστατος 14, 4,

Συνυπουργίω 16, p. 964.

Συνυφῑστημι (111111) 19, 1.

svamm» 64,19.

11111111 1, 1, p. 11. 11, 1. 11, 11.
99,1. alibi.

Συρρήγ1111αι 9,1.

Συρφετῶδης 96, 9119. 19, 6. 11, 1.

Σῦρω (11111196, 4.) 69, 9. 64, 1.

&mudum (τινά) 11, 11. 1111. 111.

1110611 cumcuma.

Συσκιυααπὶς 99, t

Συσιευή 69. 611116, 11.

Σύσσωμος 99, 46. 11, 99. 16, 4

Συσσωρεῦω 41, 1.

Σῦστασις 69, 9. 66, 4. 69, 1. 44,11
(κατὰ 1111111111).

Συσταυρόω 66, 40.

Συστέλλω 64,1611 11. 61, 19.

Mamm 11, 111 ιο, 11, 11.

Σῦσχεσις 91, 1.

Συσχολαπιὶς 11, 1. 14, 1. 16,1.

Σφαδαῐσμὸς 94, 60.

Σφαλερᾶς 19, 1.

imma: 41, 9.

Σφιτερός 64, 16.

Σφηκεῖον 19, 9.

11111111, 1. 11, 1.

Σφηκιῶδης 44, ⁷·

Σφίγτω 1111111111 ⁴²» 1· ⁸⁵&

Σφραγίζω90, 1 1110. 69, 10.

Σφράγισμα 41, p. 111.

Σχῑδᾶριον 111111. Fid. 16.

11111111, 911 11166. 61, 1.

Σχετλιασμὲς 16, 10. 69,1.

Σχῆμα 11, 11. 11, p. 111.

mutto 21, 1. 11, 1. 11,» m 11 '

Σχηματοποιίω 66, 61. 16, 1. 14,1
Expoa. Fid. 16.

Σχηματουργῑα 61, 1.

Σχίζω (intr.) 19, 11.

Σχῑσις 19, 6.

Σχισματοποιὸς Ειρ. m 11.

Σχοίνος 10, 11.

Σχολιοποιέω 14, μ 116.

1111111111.

Σωματοποιέω 64, 10 (111.

Σωρεΰω 19, 9.

Σωτήριος 1111111111 61.-11. 66, 1. 61,1.
(16 σωτήριον) 41, 1.

Σωτηρι11ης11,11. 41,1 16, 11
6111111111. 10.

1111111111 1, 1. 11, 11. 11, 1

Σωφρονῑζω 96, 11. 40, 1.

Σωφρονισμός 94, 61.

Τ.

Ταλανῑζω 10, 9.
’1111111111 (11111) 64 11 (u)
mn: 96, 1.

 

